2005072900	0	0	0	-34.203000	13.097000	101170.000000	18.760000
2005072901	1	0	0	-35.068000	12.233000	101150.000000	19.644000
2005072902	2	0	0	-35.140000	13.788000	101170.000000	20.690000
2005072903	3	0	0	-35.983000	14.143000	101030.000000	21.422000
2005072904	4	0	0	-35.748000	14.280000	100840.000000	21.149000
2005072905	5	0	0	-35.461000	15.378000	100480.000000	24.571000
2005072906	6	0	0	-36.429000	14.107000	100120.000000	27.456000
2005072907	7	0	0	-35.564000	13.432000	100650.000000	25.880000
2005072908	8	0	0	-36.503000	14.194000	100480.000000	29.696000
2005072909	9	0	0	-37.728000	12.599000	100230.000000	32.443000
2005072910	10	0	0	-36.761000	13.550000	100630.000000	30.399000
2005072911	11	0	0	-36.695000	14.480000	100640.000000	29.259000
2005072912	12	0	0	-37.002000	13.893000	100540.000000	31.716000
2005072913	13	0	0	-36.803000	13.127000	100530.000000	29.557000
2005072914	14	0	0	-37.264000	13.170000	100510.000000	28.303000
2005072915	15	0	0	-37.289000	14.053000	100470.000000	29.556000
2005072916	16	0	0	-37.376000	14.008000	100500.000000	30.668000
2005072917	17	0	0	-36.455000	12.242000	100400.000000	34.621000
2005072918	18	0	0	-35.261000	12.706000	100320.000000	33.613000
2005072919	19	0	0	-35.429000	12.671000	100280.000000	34.548000
2005072920	20	0	0	-35.423000	12.723000	100470.000000	36.048000
2005072921	21	0	0	-35.721000	12.488000	100240.000000	36.658000
2005072922	22	0	0	-35.318000	12.686000	100490.000000	34.620000
2005072923	23	0	0	-35.297000	12.630000	100680.000000	38.278000
2005073000	24	0	0	-35.557000	12.497000	100510.000000	36.750000
2005073001	25	0	0	-35.914000	12.215000	100550.000000	33.998000
2005073002	26	0	0	-35.785000	12.148000	100410.000000	36.029000
2005073003	27	0	0	-35.362000	12.530000	100650.000000	35.052000
2005073004	28	0	0	-34.240000	13.476000	100320.000000	34.904000
2005073005	29	0	0	-34.231000	13.555000	100300.000000	35.887000
2005073006	30	0	0	-33.139000	13.695000	100100.000000	36.286000
2005073007	31	0	0	-33.118000	13.854000	100210.000000	36.205000
2005073008	32	0	0	-33.013000	14.029000	100270.000000	36.210000
2005073009	33	0	0	-32.979000	14.293000	100020.000000	36.266000
2005073010	34	0	0	-32.979000	14.508000	100430.000000	37.792000
2005073011	35	0	0	-34.165000	13.869000	100520.000000	35.873000
2005073012	36	0	0	-34.122000	13.998000	100490.000000	36.751000
2005073013	37	0	0	-34.236000	14.199000	100530.000000	37.909000
2005073014	38	0	0	-34.129000	14.401000	100430.000000	37.110000
2005073015	39	0	0	-34.475000	14.520000	100290.000000	38.026000
2005073016	40	0	0	-34.135000	14.348000	100470.000000	35.924000
2005073017	41	0	0	-35.202000	14.706000	100220.000000	38.437000
2005073018	42	0	0	-35.898000	14.939000	100180.000000	41.594000
2005073019	43	0	0	-36.039000	14.926000	100080.000000	40.064000
2005073020	44	0	0	-36.391000	14.746000	100050.000000	36.366000
2005073021	45	0	0	-36.294000	15.139000	99882.000000	38.597000
2005073022	46	0	0	-36.465000	15.102000	100130.000000	36.897000
2005073023	47	0	0	-36.018000	14.602000	100130.000000	35.995000
2005073100	48	0	0	-36.229000	14.703000	100130.000000	38.162000
2005073101	49	0	0	-36.297000	14.576000	100240.000000	38.342000
2005073102	50	0	0	-36.300000	14.549000	99978.000000	39.981000
2005073103	51	0	0	-36.434000	14.321000	100150.000000	39.865000
2005073104	52	0	0	-36.547000	14.305000	100240.000000	42.927000
2005073105	53	0	0	-36.601000	14.311000	100260.000000	41.314000
2005073106	54	0	0	-37.112000	15.592000	100200.000000	43.429000
2005073107	55	0	0	-37.378000	15.428000	100260.000000	42.135000
2005073108	56	0	0	-37.559000	15.283000	100200.000000	41.351000
2005073109	57	0	0	-37.762000	15.193000	100140.000000	40.816000
2005073110	58	0	0	-37.958000	15.183000	100180.000000	41.866000
2005073111	59	0	0	-38.553000	15.367000	99984.000000	38.391000
2005073112	60	0	0	-38.802000	15.387000	99931.000000	40.461000
2005073113	61	0	0	-38.428000	15.518000	100190.000000	44.313000
2005073114	62	0	0	-38.984000	15.535000	100030.000000	44.090000
2005073115	63	0	0	-39.267000	15.477000	99868.000000	48.629000
2005073116	64	0	0	-39.380000	15.459000	99975.000000	50.869000
2005073117	65	0	0	-39.493000	15.440000	100020.000000	52.466000
2005073118	66	0	0	-39.058000	15.649000	100000.000000	49.501000
2005073119	67	0	0	-39.171000	15.630000	99977.000000	49.715000
2005073120	68	0	0	-39.339000	15.616000	99896.000000	51.804000
2005073121	69	0	0	-39.541000	15.524000	99866.000000	51.484000
2005073122	70	0	0	-39.277000	15.692000	100050.000000	55.773000
2005073123	71	0	0	-39.266000	15.826000	99893.000000	52.859000
2005080100	72	0	0	-39.285000	15.934000	100110.000000	55.797000
2005080101	73	0	0	-39.300000	16.097000	100010.000000	56.606000
2005080102	74	0	0	-39.428000	16.241000	99972.000000	58.085000
2005080103	75	0	0	-39.529000	16.382000	99945.000000	56.856000
2005080104	76	0	0	-39.630000	16.524000	99899.000000	56.945000
2005080105	77	0	0	-39.898000	16.678000	99818.000000	57.211000
2005080106	78	0	0	-40.089000	16.745000	99826.000000	52.970000
2005080107	79	0	0	-40.337000	16.816000	99821.000000	51.868000
2005080108	80	0	0	-40.531000	16.856000	99846.000000	51.401000
2005080109	81	0	0	-40.751000	16.924000	99887.000000	48.196000
2005080110	82	0	0	-40.975000	16.939000	99939.000000	48.557000
2005080111	83	0	0	-41.172000	16.924000	99941.000000	51.113000
2005080112	84	0	0	-41.368000	16.936000	99979.000000	50.845000
2005080113	85	0	0	-41.538000	16.919000	99982.000000	50.576000
2005080114	86	0	0	-41.675000	16.981000	99946.000000	51.169000
2005080115	87	0	0	-41.839000	17.045000	99891.000000	52.529000
2005080116	88	0	0	-42.004000	17.108000	99878.000000	53.307000
2005080117	89	0	0	-42.169000	17.171000	99837.000000	54.211000
2005080118	90	0	0	-42.306000	17.232000	99776.000000	53.598000
2005080119	91	0	0	-42.440000	17.347000	99747.000000	54.981000
2005080120	92	0	0	-42.578000	17.408000	99745.000000	51.693000
2005080121	93	0	0	-42.744000	17.470000	99777.000000	51.153000
2005080122	94	0	0	-42.967000	17.508000	99833.000000	48.644000
2005080123	95	0	0	-43.191000	17.546000	99896.000000	48.473000
2005080200	96	0	0	-43.443000	17.585000	99923.000000	48.905000
2005080201	97	0	0	-43.669000	17.568000	99918.000000	50.497000
2005080202	98	0	0	-43.927000	17.498000	99896.000000	48.780000
2005080203	99	0	0	-44.100000	17.398000	99843.000000	50.427000
2005080204	100	0	0	-44.306000	17.218000	99648.000000	48.830000
2005080205	101	0	0	-44.398000	17.034000	99370.000000	48.458000
2005080206	102	0	0	-44.373000	16.952000	99294.000000	47.393000
2005080207	103	0	0	-44.345000	16.951000	99245.000000	52.339000
2005080208	104	0	0	-44.369000	17.059000	99216.000000	53.442000
2005080209	105	0	0	-44.417000	17.249000	99229.000000	54.745000
2005080210	106	0	0	-44.578000	17.444000	99276.000000	59.324000
2005080211	107	0	0	-44.769000	17.585000	99265.000000	55.359000
2005080212	108	0	0	-44.962000	17.700000	99223.000000	55.516000
2005080213	109	0	0	-45.213000	17.789000	99242.000000	56.503000
2005080214	110	0	0	-45.468000	17.771000	99218.000000	51.703000
2005080215	111	0	0	-45.639000	17.722000	99090.000000	47.703000
2005080216	112	0	0	-45.641000	17.668000	98826.000000	50.825000
2005080217	113	0	0	-45.584000	17.667000	98700.000000	53.100000
2005080218	114	0	0	-45.579000	17.828000	98272.000000	56.857000
2005080219	115	0	0	-45.771000	17.995000	98198.000000	63.682000
2005080220	116	0	0	-45.968000	18.028000	98107.000000	60.480000
2005080221	117	0	0	-46.109000	18.058000	98082.000000	58.415000
2005080222	118	0	0	-46.250000	18.089000	98112.000000	59.857000
2005080223	119	0	0	-46.362000	18.119000	98141.000000	63.939000
2005080300	120	0	0	-46.501000	18.203000	98147.000000	61.333000
2005080301	121	0	0	-46.698000	18.262000	98139.000000	65.920000
2005080302	122	0	0	-46.867000	18.292000	98099.000000	63.892000
2005080303	123	0	0	-47.065000	18.323000	98062.000000	62.284000
2005080304	124	0	0	-47.264000	18.327000	97939.000000	63.829000
2005080305	125	0	0	-47.377000	18.330000	97866.000000	63.790000
2005080306	126	0	0	-47.517000	18.413000	97758.000000	66.936000
2005080307	127	0	0	-47.715000	18.470000	97631.000000	66.184000
2005080308	128	0	0	-47.886000	18.446000	97528.000000	71.736000
2005080309	129	0	0	-47.970000	18.501000	97458.000000	71.807000
2005080310	130	0	0	-48.168000	18.557000	97214.000000	84.628000
2005080311	131	0	0	-48.253000	18.558000	96910.000000	85.687000
2005080312	132	0	0	-48.423000	18.641000	96783.000000	89.161000
2005080313	133	0	0	-48.564000	18.696000	96546.000000	89.508000
2005080314	134	0	0	-48.734000	18.779000	96403.000000	91.675000
2005080315	135	0	0	-48.847000	18.887000	96231.000000	91.960000
2005080316	136	0	0	-49.045000	19.024000	95909.000000	96.471000
2005080317	137	0	0	-49.272000	19.133000	95775.000000	103.020000
2005080318	138	0	0	-49.444000	19.160000	95616.000000	101.020000
2005080319	139	0	0	-49.615000	19.188000	95373.000000	98.596000
2005080320	140	0	0	-49.757000	19.269000	95366.000000	103.750000
2005080321	141	0	0	-49.929000	19.350000	95246.000000	104.990000
2005080322	142	0	0	-50.100000	19.404000	95247.000000	97.495000
2005080323	143	0	0	-50.272000	19.485000	95199.000000	98.345000
2005080400	144	0	0	-50.472000	19.592000	95120.000000	100.490000
2005080401	145	0	0	-50.673000	19.672000	95131.000000	100.120000
2005080402	146	0	0	-50.932000	19.752000	95232.000000	101.400000
2005080403	147	0	0	-51.162000	19.831000	95190.000000	108.410000
2005080404	148	0	0	-51.392000	19.883000	95101.000000	97.512000
2005080405	149	0	0	-51.622000	19.962000	95047.000000	98.870000
2005080406	150	0	0	-51.882000	20.040000	94952.000000	101.100000
2005080407	151	0	0	-52.084000	20.091000	94998.000000	96.997000
2005080408	152	0	0	-52.286000	20.142000	95002.000000	94.196000
2005080409	153	0	0	-52.460000	20.220000	95050.000000	92.624000
2005080410	154	0	0	-52.693000	20.324000	94994.000000	99.177000
2005080411	155	0	0	-52.925000	20.400000	95034.000000	98.883000
2005080412	156	0	0	-53.157000	20.477000	94993.000000	99.201000
2005080413	157	0	0	-53.391000	20.579000	94963.000000	98.121000
2005080414	158	0	0	-53.653000	20.681000	94992.000000	101.040000
2005080415	159	0	0	-53.916000	20.755000	94921.000000	108.870000
2005080416	160	0	0	-54.091000	20.805000	94794.000000	113.490000
2005080417	161	0	0	-54.298000	20.934000	94749.000000	110.890000
2005080418	162	0	0	-54.505000	21.063000	94684.000000	111.210000
2005080419	163	0	0	-54.740000	21.164000	94640.000000	110.630000
2005080420	164	0	0	-54.948000	21.292000	94542.000000	109.620000
2005080421	165	0	0	-55.156000	21.393000	94523.000000	114.310000
2005080422	166	0	0	-55.392000	21.493000	94472.000000	113.540000
2005080423	167	0	0	-55.630000	21.592000	94469.000000	119.860000
2005080500	168	0	0	-55.838000	21.692000	94567.000000	119.020000
2005080501	169	0	0	-56.107000	21.844000	94598.000000	117.980000
2005080502	170	0	0	-56.462000	21.937000	94691.000000	115.660000
2005080503	171	0	0	-56.756000	21.978000	94698.000000	109.490000
2005080504	172	0	0	-57.022000	22.020000	94623.000000	109.310000
2005080505	173	0	0	-57.229000	22.064000	94554.000000	111.080000
2005080506	174	0	0	-57.410000	22.163000	94542.000000	112.200000
2005080507	175	0	0	-57.652000	22.286000	94485.000000	110.900000
2005080508	176	0	0	-57.890000	22.355000	94483.000000	111.960000
2005080509	177	0	0	-58.129000	22.423000	94566.000000	112.760000
2005080510	178	0	0	-58.281000	22.496000	94614.000000	103.360000
2005080511	179	0	0	-58.522000	22.591000	94707.000000	104.090000
2005080512	180	0	0	-58.732000	22.660000	94745.000000	106.630000
2005080513	181	0	0	-58.945000	22.756000	94724.000000	106.840000
2005080514	182	0	0	-59.126000	22.826000	94641.000000	104.860000
2005080515	183	0	0	-59.312000	22.950000	94546.000000	110.590000
2005080516	184	0	0	-59.555000	23.043000	94509.000000	109.530000
2005080517	185	0	0	-59.771000	23.165000	94266.000000	113.520000
2005080518	186	0	0	-60.012000	23.230000	94077.000000	110.640000
2005080519	187	0	0	-60.166000	23.301000	94015.000000	109.490000
2005080520	188	0	0	-60.317000	23.345000	93888.000000	110.970000
2005080521	189	0	0	-60.471000	23.416000	93760.000000	111.990000
2005080522	190	0	0	-60.655000	23.484000	93513.000000	121.660000
2005080523	191	0	0	-60.779000	23.557000	93676.000000	108.780000
2005080600	192	0	0	-60.934000	23.627000	93669.000000	112.320000
2005080601	193	0	0	-61.088000	23.697000	93673.000000	108.450000
2005080602	194	0	0	-61.218000	23.823000	93718.000000	113.580000
2005080603	195	0	0	-61.408000	23.944000	93609.000000	113.320000
2005080604	196	0	0	-61.592000	24.012000	93639.000000	110.120000
2005080605	197	0	0	-61.777000	24.079000	93606.000000	107.940000
2005080606	198	0	0	-61.903000	24.150000	93655.000000	107.120000
2005080607	199	0	0	-62.032000	24.249000	93562.000000	109.300000
2005080608	200	0	0	-62.190000	24.345000	93562.000000	109.090000
2005080609	201	0	0	-62.317000	24.416000	93599.000000	111.160000
2005080610	202	0	0	-62.473000	24.485000	93565.000000	109.600000
2005080611	203	0	0	-62.568000	24.531000	93566.000000	102.070000
2005080612	204	0	0	-62.632000	24.580000	93643.000000	101.400000
2005080613	205	0	0	-62.673000	24.685000	93582.000000	114.300000
2005080614	206	0	0	-62.776000	24.813000	93498.000000	121.370000
2005080615	207	0	0	-62.879000	24.940000	93324.000000	118.780000
2005080616	208	0	0	-63.012000	25.064000	93261.000000	110.550000
2005080617	209	0	0	-63.137000	25.108000	93184.000000	104.460000
2005080618	210	0	0	-63.205000	25.184000	92968.000000	102.810000
2005080619	211	0	0	-63.238000	25.208000	92847.000000	106.530000
2005080620	212	0	0	-63.277000	25.286000	92778.000000	105.070000
2005080621	213	0	0	-63.253000	25.343000	92572.000000	108.210000
2005080622	214	0	0	-63.291000	25.421000	92375.000000	121.900000
2005080623	215	0	0	-63.306000	25.556000	92227.000000	114.910000
2005080700	216	0	0	-63.318000	25.664000	92176.000000	110.850000
2005080701	217	0	0	-63.395000	25.820000	92186.000000	114.190000
2005080702	218	0	0	-63.500000	25.947000	92180.000000	114.100000
2005080703	219	0	0	-63.665000	26.068000	92284.000000	117.380000
2005080704	220	0	0	-63.797000	26.165000	92392.000000	118.140000
2005080705	221	0	0	-63.926000	26.235000	92447.000000	108.940000
2005080706	222	0	0	-64.025000	26.307000	92532.000000	103.220000
2005080707	223	0	0	-64.092000	26.356000	92633.000000	100.250000
2005080708	224	0	0	-64.167000	26.485000	92612.000000	101.770000
2005080709	225	0	0	-64.234000	26.533000	92686.000000	104.300000
2005080710	226	0	0	-64.280000	26.665000	92726.000000	97.185000
2005080711	227	0	0	-64.346000	26.713000	92703.000000	102.410000
2005080712	228	0	0	-64.483000	26.836000	92656.000000	102.150000
2005080713	229	0	0	-64.523000	26.914000	92582.000000	100.140000
2005080714	230	0	0	-64.599000	27.043000	92639.000000	102.080000
2005080715	231	0	0	-64.643000	27.147000	92673.000000	102.460000
2005080716	232	0	0	-64.783000	27.297000	92622.000000	103.190000
2005080717	233	0	0	-64.861000	27.426000	92451.000000	102.210000
2005080718	234	0	0	-64.934000	27.528000	92278.000000	101.470000
2005080719	235	0	0	-64.981000	27.659000	92325.000000	96.817000
2005080720	236	0	0	-65.025000	27.764000	92347.000000	98.155000
2005080721	237	0	0	-65.045000	27.925000	92329.000000	106.020000
2005080722	238	0	0	-65.096000	28.083000	92335.000000	105.920000
2005080723	239	0	0	-65.174000	28.212000	92390.000000	106.100000
2005080800	240	0	0	-65.222000	28.343000	92356.000000	105.410000
2005080801	241	0	0	-65.330000	28.468000	92431.000000	100.260000
2005080802	242	0	0	-65.382000	28.626000	92485.000000	101.450000
2005080803	243	0	0	-65.491000	28.752000	92517.000000	101.910000
2005080804	244	0	0	-65.539000	28.883000	92590.000000	100.040000
2005080805	245	0	0	-65.584000	28.987000	92600.000000	98.107000
2005080806	246	0	0	-65.629000	29.091000	92600.000000	93.588000
2005080807	247	0	0	-65.588000	29.258000	92671.000000	92.413000
2005080808	248	0	0	-65.548000	29.426000	92814.000000	96.319000
2005080809	249	0	0	-65.549000	29.670000	92863.000000	100.870000
2005080810	250	0	0	-65.574000	29.858000	92974.000000	100.010000
2005080811	251	0	0	-65.661000	30.039000	93026.000000	105.620000
2005080812	252	0	0	-65.713000	30.197000	93057.000000	101.930000
2005080813	253	0	0	-65.793000	30.324000	93137.000000	104.480000
2005080814	254	0	0	-65.776000	30.435000	93148.000000	96.177000
2005080815	255	0	0	-65.794000	30.569000	93273.000000	93.110000
2005080816	256	0	0	-65.750000	30.709000	93357.000000	90.784000
2005080817	257	0	0	-65.744000	30.899000	93344.000000	89.424000
2005080818	258	0	0	-65.696000	31.012000	93373.000000	90.973000
2005080819	259	0	0	-65.624000	31.182000	93390.000000	86.125000
2005080820	260	0	0	-65.482000	31.304000	93464.000000	92.580000
2005080821	261	0	0	-65.385000	31.530000	93570.000000	91.052000
2005080822	262	0	0	-65.313000	31.700000	93596.000000	89.551000
2005080823	263	0	0	-65.212000	31.899000	93713.000000	87.627000
2005080900	264	0	0	-65.135000	32.041000	93830.000000	84.610000
2005080901	265	0	0	-65.005000	32.269000	93953.000000	85.932000
2005080902	266	0	0	-64.935000	32.465000	94057.000000	88.728000
2005080903	267	0	0	-64.836000	32.690000	94100.000000	89.894000
2005080904	268	0	0	-64.832000	32.906000	94183.000000	86.410000
2005080905	269	0	0	-64.725000	33.078000	94280.000000	81.931000
2005080906	270	0	0	-64.597000	33.332000	94311.000000	84.137000
2005080907	271	0	0	-64.461000	33.533000	94422.000000	85.875000
2005080908	272	0	0	-64.329000	33.760000	94461.000000	85.815000
2005080909	273	0	0	-64.263000	34.007000	94446.000000	80.427000
2005080910	274	0	0	-64.155000	34.178000	94478.000000	84.700000
2005080911	275	0	0	-64.046000	34.348000	94549.000000	83.340000
2005080912	276	0	0	-63.934000	34.492000	94602.000000	86.180000
2005080913	277	0	0	-63.796000	34.691000	94668.000000	83.517000
2005080914	278	0	0	-63.679000	34.808000	94666.000000	83.121000
2005080915	279	0	0	-63.466000	34.933000	94674.000000	86.474000
2005080916	280	0	0	-63.258000	35.110000	94695.000000	86.852000
2005080917	281	0	0	-63.047000	35.261000	94620.000000	89.863000
2005080918	282	0	0	-62.871000	35.435000	94606.000000	87.020000
2005080919	283	0	0	-62.587000	35.537000	94589.000000	87.482000
2005080920	284	0	0	-62.279000	35.720000	94567.000000	91.771000
2005080921	285	0	0	-62.003000	35.900000	94510.000000	92.550000
2005080922	286	0	0	-61.726000	36.079000	94541.000000	90.196000
2005080923	287	0	0	-61.352000	36.291000	94598.000000	85.445000
2005081000	288	0	0	-61.048000	36.551000	94674.000000	91.307000
2005081001	289	0	0	-60.844000	36.830000	94685.000000	83.983000
2005081002	290	0	0	-60.667000	37.053000	94722.000000	80.570000
2005081003	291	0	0	-60.453000	37.252000	94723.000000	78.412000
2005081004	292	0	0	-60.239000	37.451000	94800.000000	78.629000
2005081005	293	0	0	-60.024000	37.649000	94765.000000	82.479000
2005081006	294	0	0	-59.736000	37.797000	94812.000000	79.832000
2005081007	295	0	0	-59.451000	37.972000	94855.000000	78.504000
2005081008	296	0	0	-59.199000	38.170000	94868.000000	80.014000
2005081009	297	0	0	-58.941000	38.289000	94889.000000	82.321000
2005081010	298	0	0	-58.680000	38.382000	94939.000000	83.865000
2005081011	299	0	0	-58.351000	38.477000	94983.000000	83.791000
2005081012	300	0	0	-57.988000	38.573000	94994.000000	88.291000
2005081013	301	0	0	-57.630000	38.747000	95047.000000	87.903000
2005081014	302	0	0	-57.273000	38.946000	95090.000000	96.502000
2005081015	303	0	0	-56.983000	39.168000	95072.000000	95.073000
2005081016	304	0	0	-56.727000	39.387000	95094.000000	84.230000
2005081017	305	0	0	-56.501000	39.579000	95074.000000	85.584000
2005081018	306	0	0	-56.276000	39.797000	95105.000000	82.661000
2005081019	307	0	0	-56.117000	39.985000	95150.000000	82.988000
2005081020	308	0	0	-55.954000	40.121000	95162.000000	81.388000
2005081021	309	0	0	-55.754000	40.206000	95238.000000	79.828000
2005081022	310	0	0	-55.485000	40.293000	95291.000000	81.762000
2005081023	311	0	0	-55.216000	40.379000	95401.000000	76.060000
2005081100	312	0	0	-54.914000	40.492000	95473.000000	77.921000
